**********************kMeans********************************

german.txt :
purity: 0.7
gini: 0.412392061809
[[ 186.  114.]
 [ 527.  173.]]

mnist.txt :
purity: 0.5971
gini: 0.542565651274
[[  15.    5.    3.  412.  483.    5.   36.    4.   17.    0.]
 [   1.  487.    0.    0.    0.    0.    3.    0.    2.  642.]
 [  27.  125.   25.    2.   19.  681.   67.   16.   21.   49.]
 [ 134.   13.   22.    1.    5.   43.  720.   11.    5.   56.]
 [   3.   29.  548.    6.    1.    6.    0.  332.   27.   30.]
 [ 301.   85.   48.   15.   26.    6.  267.  106.   13.   25.]
 [  28.   27.    9.   38.   31.   15.    4.    3.  761.   42.]
 [   1.   55.  293.    4.    1.   14.    0.  619.    1.   40.]
 [ 618.   65.   30.    8.   11.   11.  155.   41.   10.   25.]
 [  14.   11.  538.    8.   10.    3.    7.  389.    5.   24.]]

************************spectral***************************
german.txt :(n= 3 )
SSE: 1.11030860608
purity: 0.7
gini: 0.419549432136
[[  72.  228.]
 [ 190.  510.]]

german.txt :(n= 6 )
SSE: 1.15401830464
purity: 0.7
gini: 0.419019138756
[[  41.  259.]
 [ 123.  577.]]

german.txt :(n= 9 )
SSE: 1.13084936629
purity: 0.7
gini: 0.419149061552
[[  41.  259.]
 [ 121.  579.]]

mnist.txt :(n= 3 )
SSE: 4.3309795372
purity: 0.5248
gini: 0.53334445957
[[   0.    1.    4.  293.    3.    2.  353.  319.    5.    0.]
 [   0.  357.    2.    0.    0.  774.    0.    0.    2.    0.]
 [   2.    6.   12.   15.    3.  980.    2.    2.   10.    0.]
 [   1.    0.  979.    0.    0.   16.    0.    0.   14.    0.]
 [ 738.    3.    0.    0.    4.   21.    0.    0.  216.    0.]
 [   9.    0.  492.    2.    1.    2.    0.    5.  381.    0.]
 [   3.    2.    3.    7.  837.    8.    1.    4.   93.    0.]
 [  37.   16.    2.    0.    0.  970.    0.    0.    3.    0.]
 [   9.    1.  664.    1.    2.   21.    0.    3.  273.    0.]
 [ 628.    1.   17.    2.    1.   43.    1.    1.  304.   11.]]

mnist.txt :(n= 6 )
SSE: 4.90809802776
purity: 0.5859
gini: 0.474924475531
[[  10.    3.  299.  295.    1.  241.    0.    1.  128.    2.]
 [   0.    2.    0.    0.    1.    0.    2.  322.    0.  808.]
 [   4.   32.    2.    2.    1.    8.  916.   10.    9.   48.]
 [   9.  975.    0.    0.    0.    0.    3.    4.    0.   19.]
 [   5.    0.    0.    0.    1.    1.    0.  957.    0.   18.]
 [ 459.  404.    0.    0.    0.    6.    0.   14.    1.    8.]
 [ 315.    5.    0.    2.  618.    7.    0.    5.    2.    4.]
 [   0.    1.    0.    0.    0.    0.    5.   51.    0.  971.]
 [  22.  897.    0.    0.    1.    5.    1.   29.    1.   18.]
 [   0.   27.    1.    0.    1.    2.    2.  910.    2.   64.]]
 
mnist.txt :(n= 9 )
SSE: 4.13626257813
purity: 0.6407
gini: 0.426352295642
[[   1.    1.  326.    0.    1.    1.  311.   12.    3.  324.]
 [ 652.    0.    0.    2.    1.  477.    0.    1.    2.    0.]
 [  10.    3.   21.  895.    1.   57.    3.    5.   36.    1.]
 [   2.    3.    0.    3.    0.   15.    0.    7.  980.    0.]
 [  11.  948.    1.    0.    2.   11.    0.    8.    1.    0.]
 [   4.   12.    4.    0.    1.    5.    0.  456.  409.    1.]
 [   3.    4.    7.    0.  548.    3.    0.  383.    6.    4.]
 [  23.   31.    0.    6.    0.  967.    0.    0.    1.    0.]
 [   6.   26.    6.    1.    0.   15.    0.   16.  903.    1.]
 [   7.  869.    3.    2.    1.   98.    1.    0.   28.    0.]]
************************NMF*****************************
german.txt :
SSE： 2839.15055719
purity: 0.7
gini: 0.410860965878
[[ 143.  157.]
 [ 225.  475.]]

mnist.txt :
SSE: 834843.377833
purity: 0.4376
gini: 0.691393202837
[[ 135.    0.   15.    6.   70.    1.  125.    3.  504.  121.]
 [   0.  236.    0.    0.    4.    4.    1.  881.    0.    9.]
 [   6.  222.   82.   35.  477.    4.   73.   44.    6.   83.]
 [   4.    5.  291.   21.   53.   53.  334.  119.    0.  130.]
 [  66.  113.   71.  165.    2.  466.    0.   35.   64.    0.]
 [  90.   17.   77.   34.   29.   96.  309.  134.    9.   97.]
 [ 155.   40.   14.    0.  543.    3.   10.   57.  134.    2.]
 [   3.   49.   45.  648.    1.  230.    0.   42.    9.    1.]
 [  17.  123.   98.   91.   12.   57.  462.   42.    6.   66.]
 [  20.   23.   59.  311.    2.  526.   10.   30.   24.    4.]]
 