dataset 1 ,hinge function:
[0.18347693867207293, 0.16310187531677645, 0.28373035985808415, 0.19168778509883422, 0.17110998479472883, 
0.1761784085149518, 0.1600608210846427, 0.1623922959959453, 0.16016218955904715, 0.16563608717688794]

dataset 2 ,hinge function:
[0.1995577667219458, 0.16946133529881457, 0.23260241999877163, 0.16252072968490883, 0.19875928996990355, 
0.19151157791290463, 0.17118113138013635, 0.1716110804004668, 0.1971009151772004, 0.18487807874209206]

dataset 1 ,log function:
£¨0.2528129751647238, 0.1776989356310188, 0.18905220476431828, 0.19391789153573236, 0.16137861125190067, 
0.16796756208819053, 0.16735935124176382, 0.18590978205778008, 0.15854029396857572, 0.18317283324885958£©

dataset 2 ,log function:
[0.2053313678520975, 0.20508568269762295, 0.19875928996990355, 0.19679380873410723, 0.1816227504453043, 
0.16761869664025553, 0.16436336834346787, 0.1614151464897734, 0.1607395123149684, 0.15883545236779073]